('', '')
('-2, -8, -6, 4', '-1, -1, -1, 1')
('-12, 2, 4, -10, 16, 6, -18, -8, 14', '-1, -1, -1, -1, 1, 1, -1, -1, 1')
('6, -12, -18, -20, 4, -16, -2, 14, 10, 8', '1, -1, -1, -1, 1, 1, -1, -1, -1, 1')
('10, -2, 18, 14, -12, -4, 8, -16, -6', '-1, -1, -1, -1, 1, 1, -1, -1, 1')
('-2, 4, 12, 20, 16, -14, -6, 10, -18, -8', '1, -1, -1, -1, -1, 1, 1, -1, -1, 1')
('8, 18, 14, -10, -20, 6, -16, -4, 12, -2', '1, -1, -1, 1, -1, -1, -1, 1, 1, 1')
('-2, -16, 14, -8, -12, 10, 6, 4', '1, -1, -1, -1, -1, 1, -1, 1')
('8, 2, -6, 4, -10, -18, 16, -14, 12', '-1, -1, 1, -1, -1, -1, -1, 1, 1')
('-4, 2, -18, -14, 8, -12, 10, 16, 6', '-1, 1, -1, -1, -1, 1, -1, 1, 1')
('-2, -16, 10, -8, 6, -12, -4, 18, 14, -20', '1, 1, -1, 1, -1, -1, 1, -1, -1, -1')
('12, -2, -8, 6, -4, 10, -16, 14, -18, 20', '1, 1, -1, 1, -1, -1, -1, 1, -1, -1')
