-16, 12, 14, 4, 2, -18, -8, 6, -20, -10; -1, -1, 1, 1, -1, 1, 1, 1, -1, 1
-22, -18, -16, 24, 20, 4, -2, 10, 12, -14, -6, 8; -1, -1, 1, -1, 1, 1, 1, -1, 1, 1, -1, -1
-18, -10, 20, -12, -14, -2, 16, -8, -4, 6; -1, 1, -1, -1, 1, 1, 1, 1, -1, -1
-18, -12, 10, -4, 6, 8, 2, 20, 14, 16; 1, -1, 1, 1, 1, -1, -1, 1, -1, 1
-16, -18, -8, -12, 20, -6, -4, -2, 14, 10; -1, 1, -1, -1, 1, -1, 1, -1, -1, 1
-16, 14, -18, -20, -2, 6, 4, -8, 10, -12; 1, 1, -1, 1, -1, -1, 1, -1, -1, -1
-18, -12, 10, 20, -16, -14, -2, -4, 6, 8; -1, -1, -1, -1, -1, 1, -1, 1, 1, -1
-22, -12, 14, 26, -24, -4, -2, 20, 8, 10, 6, 18, 16; -1, -1, 1, -1, -1, -1, -1, -1, 1, -1, 1, -1, 1
-18, 14, 16, -4, 20, 2, 8, 6, 12, 10; 1, 1, -1, -1, 1, -1, 1, -1, -1, 1
-16, -18, -20, -14, 6, -4, -2, -8, 12, 10; -1, 1, -1, -1, 1, 1, -1, -1, -1, 1
-20, 22, 2, -18, 16, 8, 6, 10, 12, 14, 4; -1, -1, 1, 1, 1, -1, 1, 1, -1, 1, -1
-18, 12, -10, -2, -4, 8, 6, 20, 14, 16; 1, -1, -1, 1, -1, 1, -1, 1, -1, 1
-18, -16, 14, 2, 4, -6, -20, -10, -8, -12; -1, 1, 1, 1, -1, -1, -1, 1, -1, -1
-16, -14, 10, 20, 2, 18, -4, -8, -6, 12; -1, 1, -1, 1, -1, -1, 1, 1, -1, -1
-20, -22, -16, -10, -12, 14, -8, -6, -4, -2, 18; -1, 1, 1, -1, 1, 1, 1, -1, 1, -1, -1
-24, -16, -10, -12, -4, 14, -6, -8, 22, 26, 2, 18, 20; -1, -1, 1, -1, 1, -1, -1, 1, 1, -1, 1, 1, -1
-18, 10, 12, 20, 16, -14, 4, 2, 6, 8; -1, -1, 1, -1, 1, 1, 1, -1, 1, -1
-20, -16, 2, -14, 18, 22, -8, -6, -4, 10, 12; -1, 1, -1, -1, 1, -1, -1, -1, 1, 1, -1
-22, -10, 8, -14, -12, 16, -4, -6, 2, 24, 18, 20; 1, -1, -1, -1, 1, 1, 1, -1, -1, 1, -1, 1
-20, -18, 10, 4, 6, -8, 2, 22, -12, 16, 14; 1, 1, 1, -1, 1, 1, 1, -1, 1, 1, -1
-22, -20, 2, -24, -12, -14, 16, -10, -8, -4, -6, 18; 1, -1, -1, -1, -1, 1, 1, 1, -1, -1, 1, 1
-28, -26, -18, 12, 24, 22, 8, 10, 30, -4, -2, -14, 6, 20, 16; -1, 1, -1, -1, -1, 1, -1, 1, 1, -1, 1, -1, -1, -1, 1
-22, -20, -10, -12, -4, 18, 24, 2, -8, -6, 16, 14; 1, -1, -1, 1, -1, -1, 1, -1, 1, -1, -1, 1
-20, -10, 8, -12, -14, -6, -4, -2, 22, 16, 18; -1, -1, -1, 1, -1, 1, -1, -1, -1, 1, -1
-18, 10, 2, 16, 4, 6, 20, 8, 14, 12; 1, -1, 1, -1, -1, 1, -1, -1, 1, -1
-14, 16, 18, 20, 2, -4, 6, 8, 10, 12; 1, 1, -1, 1, -1, -1, -1, 1, -1, 1
-18, -20, 2, -12, -14, -6, 16, -8, -10, -4; 1, -1, -1, 1, -1, 1, -1, -1, 1, -1
-20, -18, 22, -14, -4, 2, 24, -6, -10, -12, 16, 8; 1, -1, 1, -1, -1, -1, 1, -1, -1, 1, 1, 1
-16, 10, 12, 14, 2, -18, 20, 8, -4, -6; 1, 1, -1, 1, 1, -1, -1, 1, 1, -1
-18, -20, -14, 4, 16, 2, -8, -6, -22, 12, -10; -1, 1, 1, -1, 1, -1, -1, 1, -1, 1, 1
-16, -18, 12, -20, -2, 6, 4, 8, 10, 14; -1, 1, 1, -1, 1, 1, 1, -1, 1, -1
-18, 12, -10, -2, -4, -6, -8, 20, 14, 16; -1, -1, 1, -1, 1, 1, -1, -1, 1, -1
-18, 10, 12, 14, -20, -22, -16, 8, 6, -2, -4; 1, -1, 1, -1, -1, 1, 1, -1, 1, 1, -1
-16, -14, 22, 20, 18, 6, -2, 12, -4, 8, -10; -1, 1, 1, -1, -1, -1, 1, -1, -1, -1, 1
-24, -26, -20, -18, 12, 14, -16, 10, 8, -6, -4, -2, 22; -1, 1, -1, 1, -1, 1, 1, 1, 1, -1, 1, -1, -1
-18, -20, 14, -12, -4, -6, -8, -10, -2, 16; 1, -1, 1, -1, 1, -1, -1, 1, 1, 1
-22, -24, -18, -12, -14, -6, 16, -10, -8, -4, -2, 20; 1, -1, -1, -1, 1, -1, -1, 1, -1, -1, 1, 1
-22, -20, 2, -24, -16, 14, 8, 18, -10, -12, -4, -6; -1, 1, -1, -1, -1, -1, -1, 1, -1, 1, 1, -1
-14, -12, 16, 4, 2, -18, 8, -20, 6, -10; -1, 1, 1, 1, -1, 1, -1, -1, 1, 1
-20, -6, 16, 18, -12, 22, 2, 8, 4, 14, 10; 1, -1, -1, 1, 1, -1, -1, 1, -1, -1, -1
-22, -24, 2, 20, 18, -6, -8, 10, -26, -14, -12, -4, -16; 1, -1, -1, 1, -1, 1, -1, -1, 1, -1, 1, -1, 1
-18, -16, 20, 14, -2, -4, 8, 12, 10, 6; -1, 1, -1, 1, -1, 1, 1, -1, 1, -1
