('10, -14, -16, 12, 2, 8, -20, -18, -6, 4', '1, -1, 1, -1, 1, -1, -1, 1, 1, 1')
('10, -14, -16, 12, 2, 8, -20, -18, -6, 4', '1, -1, 1, -1, 1, -1, -1, 1, 1, 1')
('10, -24, -20, -18, 2, 22, 6, -4, 12, 14, -16, -8', '-1, -1, -1, 1, -1, 1, 1, 1, -1, 1, 1, -1')
('8, -20, -12, 2, -14, -16, -4, 18, -10, -6', '-1, -1, 1, -1, -1, 1, 1, 1, 1, -1')
('10, -24, -20, -18, 2, 22, 6, -4, 12, 14, -16, -8', '-1, -1, -1, 1, -1, 1, 1, 1, -1, 1, 1, -1')
('8, -20, -12, 2, -14, -16, -4, 18, -10, -6', '-1, -1, 1, -1, -1, 1, 1, 1, 1, -1')
('4, -6, -8, -2, 20, -14, -16, 18, -12, -10', '1, 1, -1, 1, -1, -1, 1, 1, 1, -1')
('4, -6, -8, -2, 20, -14, -16, 18, -12, -10', '1, 1, -1, 1, -1, -1, 1, 1, 1, -1')
('6, 20, -14, 2, -12, 16, 18, -4, 10, 8', '-1, -1, 1, -1, -1, -1, 1, 1, -1, 1')
('6, 20, -14, 2, -12, 16, 18, -4, 10, 8', '-1, -1, 1, -1, -1, -1, 1, 1, -1, 1')
('8, 10, -14, -12, 16, -18, 20, -4, 2, 6', '1, -1, 1, -1, -1, -1, -1, 1, 1, -1')
('8, 10, -14, -12, 16, -18, 20, -4, 2, 6', '1, -1, 1, -1, -1, -1, -1, 1, 1, -1')
('12, 14, -16, -18, -4, 2, 10, 8, 20, -6', '-1, 1, 1, -1, -1, -1, 1, -1, -1, -1')
('12, 10, -20, -16, -18, 2, -4, -24, -22, -14, 26, 8, -6', '-1, -1, 1, 1, -1, -1, 1, 1, -1, -1, -1, -1, -1')
('12, 14, -16, -18, -4, 2, 10, 8, 20, -6', '-1, 1, 1, -1, -1, -1, 1, -1, -1, -1')
('12, 10, -20, -16, -18, 2, -4, -24, -22, -14, 26, 8, -6', '-1, -1, 1, 1, -1, -1, 1, 1, -1, -1, -1, -1, -1')
('16, 14, 20, 18, -6, 2, 4, -12, 8, 10', '1, -1, -1, 1, 1, 1, -1, -1, 1, -1')
('16, 14, 20, 18, -6, 2, 4, -12, 8, 10', '1, -1, -1, 1, 1, 1, -1, -1, 1, -1')
('-16, -10, 2, -20, -18, -4, 8, 6, -12, -14', '-1, -1, 1, 1, -1, -1, -1, 1, -1, 1')
('-16, -10, 2, -20, -18, -4, 8, 6, -12, -14', '-1, -1, 1, 1, -1, -1, -1, 1, -1, 1')
('-20, 22, 2, -18, 16, 8, 6, 10, 12, 14, 4', '-1, -1, 1, 1, 1, -1, 1, 1, -1, 1, -1')
('-20, 22, 2, -18, 16, 8, 6, 10, 12, 14, 4', '-1, -1, 1, 1, 1, -1, 1, 1, -1, 1, -1')
('6, 8, -12, -10, 4, -2, -16, -18, 20, -14', '1, -1, -1, 1, -1, -1, -1, 1, 1, 1')
('6, 8, -12, -10, 4, -2, -16, -18, 20, -14', '1, -1, -1, 1, -1, -1, -1, 1, 1, 1')
('4, 16, -10, -12, 14, 20, 18, 2, -8, 6', '-1, -1, 1, -1, -1, -1, 1, -1, 1, 1')
('-10, 16, -20, -18, 14, 4, 6, 2, -8, -12', '-1, -1, -1, 1, -1, 1, -1, -1, 1, 1')
('4, 16, -10, -12, 14, 20, 18, 2, -8, 6', '-1, -1, 1, -1, -1, -1, 1, -1, 1, 1')
('-10, 16, -20, -18, 14, 4, 6, 2, -8, -12', '-1, -1, -1, 1, -1, 1, -1, -1, 1, 1')
('12, -6, 8, 10, 4, 2, 22, 20, 14, 16, -18', '1, -1, -1, 1, -1, 1, -1, 1, -1, 1, 1')
('12, -6, 8, 10, 4, 2, 22, 20, 14, 16, -18', '1, -1, -1, 1, -1, 1, -1, 1, -1, 1, 1')
('22, -26, 18, -12, -14, -6, 16, -8, -10, 24, 2, 4, 20', '-1, -1, -1, 1, -1, 1, -1, -1, 1, 1, -1, 1, 1')
('22, -26, 18, -12, -14, -6, 16, -8, -10, 24, 2, 4, 20', '-1, -1, -1, 1, -1, 1, -1, -1, 1, 1, -1, 1, 1')
('14, 10, -8, 18, 16, 20, 2, -12, 4, 6', '-1, 1, 1, 1, -1, 1, -1, -1, -1, 1')
('14, 10, -8, 18, 16, 20, 2, -12, 4, 6', '-1, 1, 1, 1, -1, 1, -1, -1, -1, 1')
('6, -12, -14, 22, 18, -2, 16, -4, -20, 10, 8', '-1, 1, -1, -1, 1, 1, -1, -1, -1, 1, -1')
('6, -12, -14, 22, 18, -2, 16, -4, -20, 10, 8', '-1, 1, -1, -1, 1, 1, -1, -1, -1, 1, -1')
('10, 12, -2, 24, 6, 4, -8, -18, -20, 22, -16, -14', '1, -1, -1, -1, 1, -1, 1, -1, 1, 1, 1, -1')
('10, 12, -2, 24, 6, 4, -8, -18, -20, 22, -16, -14', '1, -1, -1, -1, 1, -1, 1, -1, 1, 1, 1, -1')
('6, -10, -8, 14, 12, -4, -2, -18, -20, 22, -16', '1, -1, 1, 1, 1, -1, 1, -1, 1, 1, 1')
('6, -10, -8, 14, 12, -4, -2, -18, -20, 22, -16', '1, -1, 1, 1, 1, -1, 1, -1, 1, 1, 1')
('-22, -8, 12, 10, 16, -14, 4, 6, 2, 24, 18, 20', '1, 1, -1, 1, -1, -1, -1, 1, -1, 1, -1, 1')
('-22, -8, 12, 10, 16, -14, 4, 6, 2, 24, 18, 20', '1, 1, -1, 1, -1, -1, -1, 1, -1, 1, -1, 1')
('-20, -8, -10, -2, 18, -24, 30, -22, -6, -4, 28, 26, -12, 16, 14', '-1, -1, 1, -1, -1, 1, -1, -1, 1, -1, 1, -1, 1, 1, -1')
('-20, -8, -10, -2, 18, -24, 30, -22, -6, -4, 28, 26, -12, 16, 14', '-1, -1, 1, -1, -1, 1, -1, -1, 1, -1, 1, -1, 1, 1, -1')
('-18, -8, -10, -2, 16, 22, 24, -6, -4, 14, 12, -20', '-1, -1, 1, -1, -1, 1, -1, 1, -1, -1, 1, 1')
('-18, -8, -10, -2, 16, 22, 24, -6, -4, 14, 12, -20', '-1, -1, 1, -1, -1, 1, -1, 1, -1, -1, 1, 1')
('-20, 18, 22, 2, -12, -14, 16, -10, 8, 6, 4', '-1, -1, 1, -1, 1, -1, -1, -1, -1, -1, 1')
('-20, 18, 22, 2, -12, -14, 16, -10, 8, 6, 4', '-1, -1, 1, -1, 1, -1, -1, -1, -1, -1, 1')
('-20, 18, 22, 2, -12, -14, 16, -10, 8, 6, 4', '-1, -1, 1, -1, 1, -1, -1, -1, -1, -1, 1')
('-20, 18, 22, 2, -12, -14, 16, -10, 8, 6, 4', '-1, -1, 1, -1, 1, -1, -1, -1, -1, -1, 1')
('-20, 18, 22, 2, -12, -14, 16, -10, 8, 6, 4', '-1, -1, 1, -1, 1, -1, -1, -1, -1, -1, 1')
('-20, 18, 22, 2, -12, -14, 16, -10, 8, 6, 4', '-1, -1, 1, -1, 1, -1, -1, -1, -1, -1, 1')
('-20, 18, 22, 2, -12, -14, 16, -10, 8, 6, 4', '-1, -1, 1, -1, 1, -1, -1, -1, -1, -1, 1')
('-20, 18, 22, 2, -12, -14, 16, -10, 8, 6, 4', '-1, -1, 1, -1, 1, -1, -1, -1, -1, -1, 1')
('-20, 18, 22, 2, -12, -14, 16, -10, 8, 6, 4', '-1, -1, 1, -1, 1, -1, -1, -1, -1, -1, 1')
('-20, 18, 22, 2, -12, -14, 16, -10, 8, 6, 4', '-1, -1, 1, -1, 1, -1, -1, -1, -1, -1, 1')
('-20, 18, 22, 2, -12, -14, 16, -10, 8, 6, 4', '-1, -1, 1, -1, 1, -1, -1, -1, -1, -1, 1')
('-20, 18, 22, 2, -12, -14, 16, -10, 8, 6, 4', '-1, -1, 1, -1, 1, -1, -1, -1, -1, -1, 1')
('-20, 18, 22, 2, -12, -14, 16, -10, 8, 6, 4', '-1, -1, 1, -1, 1, -1, -1, -1, -1, -1, 1')
('-20, 18, 22, 2, -12, -14, 16, -10, 8, 6, 4', '-1, -1, 1, -1, 1, -1, -1, -1, -1, -1, 1')
('-20, 18, 22, 2, -12, -14, 16, -10, 8, 6, 4', '-1, -1, 1, -1, 1, -1, -1, -1, -1, -1, 1')
('-18, 10, 2, 16, 4, 6, 20, 8, 14, 12', '1, -1, 1, -1, -1, 1, -1, -1, 1, -1')
('-18, 10, 2, 16, 4, 6, 20, 8, 14, 12', '1, -1, 1, -1, -1, 1, -1, -1, 1, -1')
('-18, 10, 2, 16, 4, 6, 20, 8, 14, 12', '1, -1, 1, -1, -1, 1, -1, -1, 1, -1')
('-18, 10, 2, 16, 4, 6, 20, 8, 14, 12', '1, -1, 1, -1, -1, 1, -1, -1, 1, -1')
('-18, 10, 2, 16, 4, 6, 20, 8, 14, 12', '1, -1, 1, -1, -1, 1, -1, -1, 1, -1')
('-18, 10, 2, 16, 4, 6, 20, 8, 14, 12', '1, -1, 1, -1, -1, 1, -1, -1, 1, -1')
('-18, 10, 2, 16, 4, 6, 20, 8, 14, 12', '1, -1, 1, -1, -1, 1, -1, -1, 1, -1')
('-18, 10, 2, 16, 4, 6, 20, 8, 14, 12', '1, -1, 1, -1, -1, 1, -1, -1, 1, -1')
('-18, 10, 2, 16, 4, 6, 20, 8, 14, 12', '1, -1, 1, -1, -1, 1, -1, -1, 1, -1')
('-18, 10, 2, 16, 4, 6, 20, 8, 14, 12', '1, -1, 1, -1, -1, 1, -1, -1, 1, -1')
('-18, 10, 2, 16, 4, 6, 20, 8, 14, 12', '1, -1, 1, -1, -1, 1, -1, -1, 1, -1')
('-18, 10, 2, 16, 4, 6, 20, 8, 14, 12', '1, -1, 1, -1, -1, 1, -1, -1, 1, -1')
('-18, 10, 2, 16, 4, 6, 20, 8, 14, 12', '1, -1, 1, -1, -1, 1, -1, -1, 1, -1')
('-18, 10, 2, 16, 4, 6, 20, 8, 14, 12', '1, -1, 1, -1, -1, 1, -1, -1, 1, -1')
('-18, 10, 2, 16, 4, 6, 20, 8, 14, 12', '1, -1, 1, -1, -1, 1, -1, -1, 1, -1')
('-18, 10, 2, 16, 4, 6, 20, 8, 14, 12', '1, -1, 1, -1, -1, 1, -1, -1, 1, -1')
('-18, 10, 2, 16, 4, 6, 20, 8, 14, 12', '1, -1, 1, -1, -1, 1, -1, -1, 1, -1')
('-18, 10, 2, 16, 4, 6, 20, 8, 14, 12', '1, -1, 1, -1, -1, 1, -1, -1, 1, -1')
('-18, 10, 2, 16, 4, 6, 20, 8, 14, 12', '1, -1, 1, -1, -1, 1, -1, -1, 1, -1')
('-18, 10, 2, 16, 4, 6, 20, 8, 14, 12', '1, -1, 1, -1, -1, 1, -1, -1, 1, -1')
('-18, 10, 2, 16, 4, 6, 20, 8, 14, 12', '1, -1, 1, -1, -1, 1, -1, -1, 1, -1')
('14, 16, 18, 20, -2, 4, 6, 8, 10, -12', '-1, 1, -1, 1, 1, 1, -1, 1, -1, -1')
('14, 16, 18, 20, -2, 4, 6, 8, 10, -12', '-1, 1, -1, 1, 1, 1, -1, 1, -1, -1')
('6, 10, 12, 2, 4, -8, 16, 18, -20, 14', '1, -1, 1, 1, -1, -1, 1, -1, -1, -1')
('6, 10, 12, 2, 4, -8, 16, 18, -20, 14', '1, -1, 1, 1, -1, -1, 1, -1, -1, -1')
('6, -10, -18, -16, 14, 20, -4, 22, 24, 12, -2, 8', '1, 1, 1, -1, -1, -1, 1, -1, 1, -1, 1, -1')
('6, -10, -18, -16, 14, 20, -4, 22, 24, 12, -2, 8', '1, 1, 1, -1, -1, -1, 1, -1, 1, -1, 1, -1')
('14, -10, 12, 20, -16, -18, -8, 2, 4, 6', '1, -1, -1, 1, 1, -1, 1, 1, -1, 1')
('-18, -16, -10, 22, -20, -6, -8, -2, 14, 4, 12', '-1, 1, -1, 1, 1, -1, 1, 1, -1, 1, -1')
('-18, -16, -10, 22, -20, -6, -8, -2, 14, 4, 12', '-1, 1, -1, 1, 1, -1, 1, 1, -1, 1, -1')
('-18, -16, -10, 22, -20, -6, -8, -2, 14, 4, 12', '-1, 1, -1, 1, 1, -1, 1, 1, -1, 1, -1')
('-18, -16, -10, 22, -20, -6, -8, -2, 14, 4, 12', '-1, 1, -1, 1, 1, -1, 1, 1, -1, 1, -1')
('14, -10, 12, 20, -16, -18, -8, 2, 4, 6', '1, -1, -1, 1, 1, -1, 1, 1, -1, 1')
('-10, -8, -12, -14, -2, -16, 18, 20, 4, 6', '1, 1, -1, 1, 1, -1, -1, 1, -1, 1')
('-10, -8, -12, -14, -2, -16, 18, 20, 4, 6', '1, 1, -1, 1, 1, -1, -1, 1, -1, 1')
('6, 18, -16, -10, -12, 14, -8, 20, 2, 4', '-1, 1, -1, 1, -1, -1, -1, -1, 1, 1')
('6, 18, -16, -10, -12, 14, -8, 20, 2, 4', '-1, 1, -1, 1, -1, -1, -1, -1, 1, 1')
('-4, 18, 16, -12, -14, -6, 20, 22, 2, -8, -10', '1, -1, 1, 1, -1, 1, -1, 1, -1, -1, 1')
('-4, 18, 16, -12, -14, -6, 20, 22, 2, -8, -10', '1, -1, 1, 1, -1, 1, -1, 1, -1, -1, 1')
('-10, 14, -16, -22, -20, 6, 4, 2, 12, -8, 18', '-1, -1, 1, -1, 1, 1, -1, -1, -1, 1, -1')
('-10, 14, -16, -22, -20, 6, 4, 2, 12, -8, 18', '-1, -1, 1, -1, 1, 1, -1, -1, -1, 1, -1')
