# width = 3, length = 1
-2
-1
1
2

# width = 3, length = 2
-2,-2
-2,-1
-2,1
-2,2
-1,-2
-1,-1
-1,1
-1,2
1,-2
1,-1
1,1
1,2
2,-2
2,-1
2,1
2,2

# width = 3, length = 3
-2,-2,-2
-2,-2,-1
-2,-2,1
-2,-2,2
-2,-1,-2
-2,-1,-1
-2,-1,1
-2,-1,2
-2,1,-2
-2,1,-1
-2,1,1
-2,1,2
-2,2,-2
-2,2,-1
-2,2,1
-2,2,2
-1,-2,-2
-1,-2,-1
-1,-2,1
-1,-2,2
-1,-1,-2
-1,-1,-1
-1,-1,1
-1,-1,2
-1,1,-2
-1,1,-1
-1,1,1
-1,1,2
-1,2,-2
-1,2,-1
-1,2,1
-1,2,2
1,-2,-2
1,-2,-1
1,-2,1
1,-2,2
1,-1,-2
1,-1,-1
1,-1,1
1,-1,2
1,1,-2
1,1,-1
1,1,1
1,1,2
1,2,-2
1,2,-1
1,2,1
1,2,2
2,-2,-2
2,-2,-1
2,-2,1
2,-2,2
2,-1,-2
2,-1,-1
2,-1,1
2,-1,2
2,1,-2
2,1,-1
2,1,1
2,1,2
2,2,-2
2,2,-1
2,2,1
2,2,2

# width = 3, length = 4
-2,-2,-2,-2
-2,-2,-2,-1
-2,-2,-2,1
-2,-2,-2,2
-2,-2,-1,-2
-2,-2,-1,-1
-2,-2,-1,1
-2,-2,-1,2
-2,-2,1,-2
-2,-2,1,-1
-2,-2,1,1
-2,-2,1,2
-2,-2,2,-2
-2,-2,2,-1
-2,-2,2,1
-2,-2,2,2
-2,-1,-2,-2
-2,-1,-2,-1
-2,-1,-2,1
-2,-1,-2,2
-2,-1,-1,-2
-2,-1,-1,-1
-2,-1,-1,1
-2,-1,-1,2
-2,-1,1,-2
-2,-1,1,-1
-2,-1,1,1
-2,-1,1,2
-2,-1,2,-2
-2,-1,2,-1
-2,-1,2,1
-2,-1,2,2
-2,1,-2,-2
-2,1,-2,-1
-2,1,-2,1
-2,1,-2,2
-2,1,-1,-2
-2,1,-1,-1
-2,1,-1,1
-2,1,-1,2
-2,1,1,-2
-2,1,1,-1
-2,1,1,1
-2,1,1,2
-2,1,2,-2
-2,1,2,-1
-2,1,2,1
-2,1,2,2
-2,2,-2,-2
-2,2,-2,-1
-2,2,-2,1
-2,2,-2,2
-2,2,-1,-2
-2,2,-1,-1
-2,2,-1,1
-2,2,-1,2
-2,2,1,-2
-2,2,1,-1
-2,2,1,1
-2,2,1,2
-2,2,2,-2
-2,2,2,-1
-2,2,2,1
-2,2,2,2
-1,-2,-2,-2
-1,-2,-2,-1
-1,-2,-2,1
-1,-2,-2,2
-1,-2,-1,-2
-1,-2,-1,-1
-1,-2,-1,1
-1,-2,-1,2
-1,-2,1,-2
-1,-2,1,-1
-1,-2,1,1
-1,-2,1,2
-1,-2,2,-2
-1,-2,2,-1
-1,-2,2,1
-1,-2,2,2
-1,-1,-2,-2
-1,-1,-2,-1
-1,-1,-2,1
-1,-1,-2,2
-1,-1,-1,-2
-1,-1,-1,-1
-1,-1,-1,1
-1,-1,-1,2
-1,-1,1,-2
-1,-1,1,-1
-1,-1,1,1
-1,-1,1,2
-1,-1,2,-2
-1,-1,2,-1
-1,-1,2,1
-1,-1,2,2
-1,1,-2,-2
-1,1,-2,-1
-1,1,-2,1
-1,1,-2,2
-1,1,-1,-2
-1,1,-1,-1
-1,1,-1,1
-1,1,-1,2
-1,1,1,-2
-1,1,1,-1
-1,1,1,1
-1,1,1,2
-1,1,2,-2
-1,1,2,-1
-1,1,2,1
-1,1,2,2
-1,2,-2,-2
-1,2,-2,-1
-1,2,-2,1
-1,2,-2,2
-1,2,-1,-2
-1,2,-1,-1
-1,2,-1,1
-1,2,-1,2
-1,2,1,-2
-1,2,1,-1
-1,2,1,1
-1,2,1,2
-1,2,2,-2
-1,2,2,-1
-1,2,2,1
-1,2,2,2
1,-2,-2,-2
1,-2,-2,-1
1,-2,-2,1
1,-2,-2,2
1,-2,-1,-2
1,-2,-1,-1
1,-2,-1,1
1,-2,-1,2
1,-2,1,-2
1,-2,1,-1
1,-2,1,1
1,-2,1,2
1,-2,2,-2
1,-2,2,-1
1,-2,2,1
1,-2,2,2
1,-1,-2,-2
1,-1,-2,-1
1,-1,-2,1
1,-1,-2,2
1,-1,-1,-2
1,-1,-1,-1
1,-1,-1,1
1,-1,-1,2
1,-1,1,-2
1,-1,1,-1
1,-1,1,1
1,-1,1,2
1,-1,2,-2
1,-1,2,-1
1,-1,2,1
1,-1,2,2
1,1,-2,-2
1,1,-2,-1
1,1,-2,1
1,1,-2,2
1,1,-1,-2
1,1,-1,-1
1,1,-1,1
1,1,-1,2
1,1,1,-2
1,1,1,-1
1,1,1,1
1,1,1,2
1,1,2,-2
1,1,2,-1
1,1,2,1
1,1,2,2
1,2,-2,-2
1,2,-2,-1
1,2,-2,1
1,2,-2,2
1,2,-1,-2
1,2,-1,-1
1,2,-1,1
1,2,-1,2
1,2,1,-2
1,2,1,-1
1,2,1,1
1,2,1,2
1,2,2,-2
1,2,2,-1
1,2,2,1
1,2,2,2
2,-2,-2,-2
2,-2,-2,-1
2,-2,-2,1
2,-2,-2,2
2,-2,-1,-2
2,-2,-1,-1
2,-2,-1,1
2,-2,-1,2
2,-2,1,-2
2,-2,1,-1
2,-2,1,1
2,-2,1,2
2,-2,2,-2
2,-2,2,-1
2,-2,2,1
2,-2,2,2
2,-1,-2,-2
2,-1,-2,-1
2,-1,-2,1
2,-1,-2,2
2,-1,-1,-2
2,-1,-1,-1
2,-1,-1,1
2,-1,-1,2
2,-1,1,-2
2,-1,1,-1
2,-1,1,1
2,-1,1,2
2,-1,2,-2
2,-1,2,-1
2,-1,2,1
2,-1,2,2
2,1,-2,-2
2,1,-2,-1
2,1,-2,1
2,1,-2,2
2,1,-1,-2
2,1,-1,-1
2,1,-1,1
2,1,-1,2
2,1,1,-2
2,1,1,-1
2,1,1,1
2,1,1,2
2,1,2,-2
2,1,2,-1
2,1,2,1
2,1,2,2
2,2,-2,-2
2,2,-2,-1
2,2,-2,1
2,2,-2,2
2,2,-1,-2
2,2,-1,-1
2,2,-1,1
2,2,-1,2
2,2,1,-2
2,2,1,-1
2,2,1,1
2,2,1,2
2,2,2,-2
2,2,2,-1
2,2,2,1
2,2,2,2
